# MCMC chi2
chi2 = 10804682.28950511
chi2_dof = 27353.626049380022
