# MCMC chi2
chi2 = 381.54342750251095
chi2_dof = 0.965932727854458
