# MCMC chi2
chi2 = 385.7963412361878
chi2_dof = 0.9766995980662982
